0 0.102969 0.448063 0.105896 0.175252
0 0.069444 0.593515 0.137825 0.185185
0 0.253565 0.535334 0.096318 0.186604
0 0.085409 0.852845 0.170817 0.217114
0 0.316358 0.845395 0.163367 0.175252
0 0.479991 0.434582 0.077693 0.115652
0 0.484249 0.556620 0.085143 0.138357
0 0.489836 0.690365 0.089932 0.149000
0 0.553427 0.525046 0.069178 0.113523
0 0.618614 0.522563 0.080353 0.114233
0 0.687261 0.517596 0.084610 0.111395
0 0.563538 0.640698 0.078757 0.123457
0 0.632716 0.636441 0.090464 0.123457
0 0.704821 0.631120 0.092060 0.124166
0 0.567795 0.726196 0.073436 0.058890
0 0.642295 0.722293 0.085143 0.059600
0 0.719721 0.720519 0.087803 0.061728