0 0.055556 0.567538 0.080247 0.172113
0 0.138435 0.694747 0.082607 0.183975
0 0.312727 0.826676 0.124365 0.179133
0 0.275463 0.623336 0.118827 0.152505
0 0.295479 0.505326 0.060821 0.148874
0 0.448302 0.579218 0.118827 0.154321
0 0.508397 0.807432 0.134441 0.190995
0 0.645392 0.491182 0.074956 0.091711
0 0.662754 0.577822 0.077712 0.098031
0 0.679839 0.673868 0.081019 0.098471
0 0.702436 0.571355 0.041336 0.083039
0 0.720899 0.656232 0.041887 0.091123
0 0.730820 0.709509 0.028660 0.022781
0 0.740465 0.571723 0.073302 0.083774
0 0.793375 0.569150 0.077712 0.081570
0 0.818728 0.655497 0.083223 0.092593
0 0.759480 0.656966 0.074956 0.091123
0 0.775187 0.710611 0.064484 0.020576
0 0.833609 0.708039 0.066689 0.018372