0 0.128253 0.719608 0.114698 0.174619
0 0.238780 0.804137 0.107191 0.184629
0 0.346193 0.542181 0.090535 0.148834
0 0.340792 0.613169 0.063272 0.042524
0 0.512346 0.545267 0.122428 0.130316
0 0.632716 0.770395 0.118010 0.192447
0 0.438453 0.910191 0.110748 0.089567
1 0.437999 0.744977 0.309550 0.390947
0 0.698061 0.393840 0.095004 0.111240
0 0.738329 0.480646 0.104167 0.122814
0 0.781973 0.573881 0.111400 0.131816
0 0.868779 0.407665 0.098862 0.104167
0 0.773293 0.445280 0.057388 0.095808
0 0.813561 0.430813 0.094522 0.101595
0 0.814043 0.530157 0.064622 0.090664
0 0.841773 0.589313 0.040992 0.037937
0 0.856481 0.513760 0.101273 0.110597
0 0.916522 0.487076 0.106578 0.115098
0 0.886863 0.570666 0.075231 0.058513
0 0.947868 0.542695 0.077643 0.059156