0 0.594136 0.267490 0.077160 0.094650
0 0.576389 0.324074 0.081790 0.084362
0 0.566358 0.370370 0.077160 0.065844
0 0.224537 0.296296 0.084877 0.119342
0 0.282407 0.309671 0.067901 0.063786
0 0.442130 0.612140 0.106481 0.141975
0 0.478395 0.508230 0.070988 0.115226
0 0.372685 0.598765 0.069444 0.123457
0 0.322531 0.586420 0.067901 0.115226
0 0.344136 0.490741 0.064815 0.104938
0 0.408951 0.498971 0.061728 0.113169
0 0.358025 0.409465 0.055556 0.090535
0 0.410494 0.426955 0.055556 0.076132
0 0.459105 0.432099 0.054012 0.078189
0 0.505401 0.442387 0.057099 0.086420
1 0.410494 0.183128 0.274691 0.358025
